waypoints:
  - lat: 34.072100
    lon: -106.907400
    yaw_deg: 0.0
  - lat: 34.072300
    lon: -106.907800
    yaw_deg: 90.0
  - lat: 34.072600
    lon: -106.907400
    yaw_deg: 180.0
